<?xml version="1.0"?>
<opencv_storage>
<calibration_time>"Wed Oct 16 16:03:54 2019"</calibration_time>
<nr_of_frames>10</nr_of_frames>
<image_width>1080</image_width>
<image_height>720</image_height>
<board_width>9</board_width>
<board_height>6</board_height>
<square_size>2.8399999618530273e+01</square_size>
<fix_aspect_ratio>1.</fix_aspect_ratio>
<!-- flags: +fix_aspectRatio +fix_principal_point +zero_tangent_dist +fix_k4 +fix_k5 -->
<flags>6158</flags>
<fisheye_model>0</fisheye_model>
<camera_matrix type_id="opencv-matrix">
  <rows>3</rows>
  <cols>3</cols>
  <dt>d</dt>
  <data>
    1.0974228244618459e+03 0. 540. 0. 1.0974228244618459e+03 360. 0. 0.
    1.</data></camera_matrix>
<distortion_coefficients type_id="opencv-matrix">
  <rows>5</rows>
  <cols>1</cols>
  <dt>d</dt>
  <data>
    1.9159494306798486e-01 -1.2076042540907264e+00 0. 0.
    4.2673349620293939e+00</data></distortion_coefficients>
<avg_reprojection_error>1.0708082211163621e+00</avg_reprojection_error>
<per_view_reprojection_errors type_id="opencv-matrix">
  <rows>10</rows>
  <cols>1</cols>
  <dt>f</dt>
  <data>
    7.63830721e-01 1.32528424e+00 9.37974215e-01 9.29991364e-01
    1.80373669e+00 9.02764559e-01 1.02303553e+00 7.53363967e-01
    1.01870632e+00 8.13287199e-01</data></per_view_reprojection_errors>
<!-- a set of 6-tuples (rotation vector + translation vector) for each view -->
<extrinsic_parameters type_id="opencv-matrix">
  <rows>10</rows>
  <cols>6</cols>
  <dt>d</dt>
  <data>
    2.9753793640757092e-01 2.6812929022916859e-01 3.1155938917336004e+00
    9.9512315281138100e+01 6.0691926589930269e+01 5.1821001231851278e+02
    -8.9696019297012763e-01 1.4657841748570830e-01
    -2.9960980226392389e+00 8.9567650599275865e+01
    6.7725601682083976e+01 3.9508073872799309e+02 2.4292086275561064e-01
    2.1216680284782435e-01 3.0968347757507715e+00 8.4185256377928795e+01
    5.1176440189836541e+01 4.5108761755398245e+02
    -6.9557230542036819e-01 3.7497000849602796e-01
    2.9697837134616925e+00 7.6943661905585643e+01 6.1200598271620272e+01
    5.5628353930953199e+02 -1.5352166686418345e-01
    -9.6904407048178309e-01 2.9740750482938765e+00
    9.7249076292296891e+01 3.7997906787822807e+01 4.8738794581483717e+02
    8.2431071981197979e-02 5.2797383387381291e-01 3.0494517165794388e+00
    1.2469068206415177e+02 5.9516866518295913e+01 4.7385798471051368e+02
    -7.1643311759052630e-01 -9.6885115846550532e-02
    -3.0450943473967471e+00 1.2688353347583447e+02
    6.2022380441831757e+01 4.2349780312899554e+02 1.6696905971581391e-01
    -7.5228155179336896e-04 3.1371310242022665e+00
    9.5615745627470545e+01 4.8426179715494193e+01 5.4414635425975121e+02
    -3.2473326345937203e-01 6.8836025151475133e-01
    2.9622845153307997e+00 1.0938631860766213e+02 7.5765136018280145e+01
    5.4790655730663855e+02 -2.0033478301253616e-01
    3.8597989671283206e-01 3.0503496926413605e+00 1.2327896527235143e+02
    6.0935162050884372e+01 5.3320918721703936e+02</data></extrinsic_parameters>
<image_points type_id="opencv-matrix">
  <rows>10</rows>
  <cols>54</cols>
  <dt>"2f"</dt>
  <data>
    7.51807800e+02 4.89651245e+02 6.90264587e+02 4.89338959e+02
    6.30890808e+02 4.88883820e+02 5.72774109e+02 4.88689789e+02
    5.15772278e+02 4.88411896e+02 4.59691559e+02 4.88064514e+02
    4.04371124e+02 4.88100250e+02 3.49619629e+02 4.87846039e+02
    2.94927826e+02 4.87779022e+02 7.50576538e+02 4.28761047e+02
    6.89625977e+02 4.29220947e+02 6.30733276e+02 4.29651154e+02
    5.73499207e+02 4.30179565e+02 5.17019348e+02 4.30531708e+02
    4.61541565e+02 4.30693939e+02 4.06905243e+02 4.31046967e+02
    3.52416016e+02 4.31155273e+02 2.98382751e+02 4.31357758e+02
    7.49404663e+02 3.69172302e+02 6.89263062e+02 3.70376984e+02
    6.30864990e+02 3.71331390e+02 5.74047913e+02 3.72517090e+02
    5.18174072e+02 3.73457092e+02 4.63101776e+02 3.74323792e+02
    4.09124969e+02 3.74962769e+02 3.55147400e+02 3.75453766e+02
    3.01643921e+02 3.76016113e+02 7.48247009e+02 3.10780243e+02
    6.88614746e+02 3.12627563e+02 6.31148865e+02 3.14486389e+02
    5.74569031e+02 3.16139435e+02 5.19275513e+02 3.17479492e+02
    4.64582703e+02 3.18833588e+02 4.10950836e+02 3.19942444e+02
    3.57811829e+02 3.20986786e+02 3.04521912e+02 3.21715240e+02
    7.47447937e+02 2.53717484e+02 6.88313354e+02 2.56408508e+02
    6.31430115e+02 2.58824127e+02 5.75294739e+02 2.61064728e+02
    5.20405701e+02 2.63007690e+02 4.66236969e+02 2.64597809e+02
    4.13079803e+02 2.66265381e+02 3.60193726e+02 2.67462280e+02
    3.07576721e+02 2.68619720e+02 7.46383667e+02 1.97711121e+02
    6.88187561e+02 2.00991623e+02 6.31592896e+02 2.04014618e+02
    5.76172791e+02 2.06776871e+02 5.21594177e+02 2.09205292e+02
    4.67907837e+02 2.11354492e+02 4.15164642e+02 2.13244919e+02
    3.62694702e+02 2.14821854e+02 3.10305847e+02 2.16138123e+02
    7.88369019e+02 5.51783875e+02 7.15247925e+02 5.40587036e+02
    6.48429504e+02 5.30212341e+02 5.86451538e+02 5.20810669e+02
    5.28357544e+02 5.12540405e+02 4.73661865e+02 5.05156158e+02
    4.22258179e+02 4.98427307e+02 3.72721405e+02 4.92374176e+02
    3.25627533e+02 4.86896118e+02 7.89416321e+02 4.72330231e+02
    7.15568787e+02 4.64548370e+02 6.48122070e+02 4.57448669e+02
    5.85651489e+02 4.50974030e+02 5.27494995e+02 4.44970001e+02
    4.72407166e+02 4.39609192e+02 4.20837830e+02 4.34947388e+02
    3.70848206e+02 4.30787994e+02 3.23591309e+02 4.26885315e+02
    7.89906555e+02 3.92023682e+02 7.15503784e+02 3.87556213e+02
    6.47527161e+02 3.83739655e+02 5.84573120e+02 3.80127625e+02
    5.25805298e+02 3.76652466e+02 4.70428558e+02 3.73695831e+02
    4.18565735e+02 3.70958405e+02 3.68512726e+02 3.68643707e+02
    3.20798248e+02 3.66648468e+02 7.90615173e+02 3.10921143e+02
    7.15601562e+02 3.10007599e+02 6.47218445e+02 3.09212646e+02
    5.83755920e+02 3.08406097e+02 5.24421387e+02 3.07518982e+02
    4.68496552e+02 3.06899963e+02 4.16283478e+02 3.06415070e+02
    3.66301544e+02 3.05843140e+02 3.18260803e+02 3.05426025e+02
    7.91629639e+02 2.28770142e+02 7.16159058e+02 2.31475174e+02
    6.47246582e+02 2.33661072e+02 5.83357910e+02 2.35644287e+02
    5.23477600e+02 2.37523026e+02 4.66995239e+02 2.39242371e+02
    4.14186523e+02 2.40823929e+02 3.63817017e+02 2.42372742e+02
    3.15538055e+02 2.43622345e+02 7.92668823e+02 1.45226486e+02
    7.16504639e+02 1.51357407e+02 6.47013733e+02 1.57037598e+02
    5.82515259e+02 1.61852875e+02 5.22246887e+02 1.66522247e+02
    4.65600403e+02 1.70544037e+02 4.12156158e+02 1.74317322e+02
    3.61427490e+02 1.77656387e+02 3.12622711e+02 1.80811172e+02
    7.45974060e+02 4.86153961e+02 6.75363525e+02 4.87354645e+02
    6.07174438e+02 4.88760468e+02 5.40327393e+02 4.89989929e+02
    4.74524048e+02 4.91401794e+02 4.09761993e+02 4.92831207e+02
    3.46045258e+02 4.94561340e+02 2.82259644e+02 4.96168884e+02
    2.18569672e+02 4.97761749e+02 7.42408081e+02 4.15832001e+02
    6.72704834e+02 4.18191284e+02 6.05347229e+02 4.20392609e+02
    5.39283813e+02 4.22550873e+02 4.74255249e+02 4.24509552e+02
    4.10152588e+02 4.26379364e+02 3.46832764e+02 4.28602142e+02
    2.83635986e+02 4.30448273e+02 2.20562698e+02 4.32484711e+02
    7.39334045e+02 3.47183441e+02 6.70256897e+02 3.50168579e+02
    6.03489136e+02 3.53035858e+02 5.37958984e+02 3.55822266e+02
    4.73582977e+02 3.58578613e+02 4.10033386e+02 3.60971069e+02
    3.47509247e+02 3.63382111e+02 2.84653198e+02 3.65569977e+02
    2.22131241e+02 3.67892700e+02 7.36205383e+02 2.79615845e+02
    6.67975830e+02 2.83513458e+02 6.01903748e+02 2.87206024e+02
    5.36986267e+02 2.90674042e+02 4.72940735e+02 2.93734741e+02
    4.09874176e+02 2.96688049e+02 3.47833496e+02 2.99545502e+02
    2.85775879e+02 3.02324249e+02 2.23845139e+02 3.04702332e+02
    7.33493835e+02 2.13696823e+02 6.65892639e+02 2.18421967e+02
    6.00303345e+02 2.22763962e+02 5.35748291e+02 2.26886627e+02
    4.72608490e+02 2.30646713e+02 4.10007629e+02 2.33661682e+02
    3.48277649e+02 2.37061172e+02 2.86621674e+02 2.39802185e+02
