<?xml version="1.0"?>
<opencv_storage>
<calibration_time>"Thu Oct 17 14:14:41 2019"</calibration_time>
<nr_of_frames>50</nr_of_frames>
<image_width>1080</image_width>
<image_height>720</image_height>
<board_width>9</board_width>
<board_height>6</board_height>
<square_size>5000.</square_size>
<fix_aspect_ratio>1.</fix_aspect_ratio>
<!-- flags: +fix_aspectRatio +fix_principal_point +zero_tangent_dist +fix_k4 +fix_k5 -->
<flags>6158</flags>
<fisheye_model>0</fisheye_model>
<camera_matrix type_id="opencv-matrix">
  <rows>3</rows>
  <cols>3</cols>
  <dt>d</dt>
  <data>
    1.0930877466718011e+03 0. 540. 0. 1.0930877466718011e+03 360. 0. 0.
    1.</data></camera_matrix>
<distortion_coefficients type_id="opencv-matrix">
  <rows>5</rows>
  <cols>1</cols>
  <dt>d</dt>
  <data>
    2.2204702435449436e-01 -1.7580932133843123e+00 0. 0.
    5.1869111764062845e+00</data></distortion_coefficients>
<avg_reprojection_error>1.2456618818018010e+00</avg_reprojection_error>
<per_view_reprojection_errors type_id="opencv-matrix">
  <rows>50</rows>
  <cols>1</cols>
  <dt>f</dt>
  <data>
    7.75251329e-01 1.34739864e+00 1.00234580e+00 9.11746502e-01
    1.81367719e+00 9.00270104e-01 9.80591834e-01 7.69514024e-01
    1.00961149e+00 8.13466132e-01 7.06397653e-01 1.04868722e+00
    1.47498798e+00 2.08731103e+00 1.75008905e+00 1.21871138e+00
    1.10220802e+00 1.34828651e+00 1.10677302e+00 6.17652237e-01
    6.99901819e-01 1.47251427e+00 1.02133262e+00 1.26780713e+00
    1.26300979e+00 1.86751533e+00 1.94769597e+00 1.09895790e+00
    1.58340168e+00 1.56929350e+00 1.40397906e+00 1.12885416e+00
    7.19653547e-01 7.43615568e-01 1.84513259e+00 1.53411698e+00
    1.09632933e+00 1.04859269e+00 1.30974925e+00 1.25680244e+00
    1.07870901e+00 1.01743245e+00 1.13824165e+00 1.01889884e+00
    1.20406210e+00 1.46355379e+00 1.19938850e+00 9.60344791e-01
    9.15591240e-01 1.14950442e+00</data></per_view_reprojection_errors>
<!-- a set of 6-tuples (rotation vector + translation vector) for each view -->
<extrinsic_parameters type_id="opencv-matrix">
  <rows>50</rows>
  <cols>6</cols>
  <dt>d</dt>
  <data>
    2.9678576167973675e-01 2.6789156414143972e-01 3.1156640336566421e+00
    1.7521870601491377e+04 1.0685793242680125e+04 9.0902204306684929e+04
    -8.9659606268108039e-01 1.4672439787384170e-01
    -2.9961874849181962e+00 1.5769394379404528e+04
    1.1923936575780001e+04 6.9277144765783494e+04 2.3865621059522507e-01
    2.1156118192079010e-01 3.0970991564028849e+00 1.4833595712833940e+04
    9.0118296783311507e+03 7.9167162037311951e+04
    -6.9643406291134968e-01 3.7551765304211465e-01
    2.9694031500476710e+00 1.3546843479960884e+04 1.0773753451205086e+04
    9.7559344186112969e+04 -1.5395229213294406e-01
    -9.7010581566524356e-01 2.9738347009161505e+00
    1.7116104526434850e+04 6.6869799461122939e+03 8.5481494870968163e+04
    8.2971767971981900e-02 5.2806065031539384e-01 3.0494550013653390e+00
    2.1951078808432932e+04 1.0476738690396249e+04 8.3086272409019730e+04
    -7.1765564535149740e-01 -9.7405351107529098e-02
    -3.0447256728800896e+00 2.2327178860333217e+04
    1.0918217204064944e+04 7.4167303578473773e+04 1.6506481380824239e-01
    -1.9783222680997518e-03 3.1372086815115945e+00
    1.6837566537999446e+04 8.5262186846444620e+03 9.5485112036625535e+04
    -3.2471417714296918e-01 6.8837673005927602e-01
    2.9622796033207193e+00 1.9258732529729758e+04 1.3337745839861169e+04
    9.6109052196303062e+04 -1.9992845344600668e-01
    3.8584180087954129e-01 3.0504100828711320e+00 2.1704557953516887e+04
    1.0727275896757192e+04 9.3531974971171498e+04
    -1.5397774934907466e-01 3.0980658170490516e-01
    2.9887120540411822e+00 2.3313165600867749e+04 8.7971553690603159e+03
    9.2824405492845923e+04 6.6587539299057003e-02
    -4.7067448457363004e-01 3.0469755536052325e+00
    2.7773637525309263e+04 6.3233377527706052e+03 8.5905045537386293e+04
    -3.2529881044157727e-01 -8.5400818861237870e-01
    2.9002326408357217e+00 2.1868241450377620e+04 4.4399304630569450e+03
    9.4351000196127352e+04 -3.5675721702944524e-01
    1.0976110985297978e+00 -2.7891834490483429e+00
    2.1885701442660706e+04 1.2814750466366768e+04 8.3985891969281962e+04
    -3.6077651707541569e-01 8.6664264697614635e-01
    -2.9565189266005745e+00 2.0562039053096458e+04
    1.4181405469634756e+04 8.2377895021111108e+04
    -4.0845675242704088e-01 3.8298783812717052e-01
    -3.0464521105453444e+00 2.7751680858136540e+04
    1.6786715933219555e+04 7.7130268996249593e+04 4.9624695632662563e-01
    -2.3161490094114437e-01 3.0796719256943019e+00
    2.6204495965412250e+04 1.2728969651740277e+04 7.3854303460523253e+04
    7.9650809562792713e-01 -3.0767619209091407e-01
    3.0206995876553480e+00 2.2754857720994929e+04 1.3411800185772960e+04
    7.0886839931971830e+04 4.6908666060310528e-01
    -1.9916646883664404e-01 3.0098788652782007e+00
    2.0043568586328845e+04 9.5974562185818086e+03 7.6831308869718559e+04
    -4.0037048291553640e-01 7.6753394407772263e-02
    3.0146158424673155e+00 1.5349030561916687e+04 1.2834772271747026e+04
    9.6676042714983123e+04 -6.8646549340105634e-01
    1.2437619731664519e-01 2.9454342729064074e+00 1.3884811097954815e+04
    1.2030813983847489e+04 9.4012079905558028e+04
    -5.8468281326305416e-01 -8.0394848032457045e-01
    2.9132643585487026e+00 1.1481961281372356e+04 6.3826892978091719e+03
    9.2101585370545828e+04 -2.3133425891511813e-01
    7.4194659335978608e-01 2.8237911236061426e+00 1.4868204531023855e+04
    1.0382599707336271e+04 9.8379273136535281e+04
    -1.0497552155149881e+00 6.3668635723690947e-01
    2.6469386602446963e+00 7.9672510238640207e+03 1.1437326148277527e+04
    1.0123661024290741e+05 8.7281894741250965e-01
    -6.4366830745742828e-02 2.9333524175450836e+00
    2.2551096780889035e+04 1.1703159652071021e+04 6.6648021492205546e+04
    7.7562512394527672e-01 -6.9234273400283708e-01
    2.8124734941298541e+00 2.1327665635104018e+04 9.4567875880807969e+03
    6.9242383444062027e+04 5.1615977550607106e-01
    -8.1845039949476295e-01 2.8934465125176847e+00
    2.1050029181944403e+04 1.0212877657493536e+04 7.2598087462379859e+04
    -2.5221535177178311e-01 -6.7308777805542741e-01
    -3.0290426304816496e+00 2.1852438378298615e+04
    7.8942582102967881e+03 7.8897024128603152e+04
    -2.4075423303143975e-01 1.0812753169345499e+00
    2.8895243804790463e+00 1.8326073184544031e+04 1.1026308709605541e+04
    8.1741274488378695e+04 7.9249647712791060e-01
    -3.2152447048787691e-01 2.9956756289040882e+00
    1.9399833816649163e+04 1.2423546197075319e+04 6.3231346143869428e+04
    -6.9100639545405995e-01 1.2179465991361917e-01
    -3.0396089392487298e+00 1.5006160603902530e+04
    1.1684513627203894e+04 6.4840361434634637e+04
    -3.6664065925389910e-01 -1.1804893560128808e-01
    -3.0937538070810002e+00 1.6061407754274040e+04
    1.2583305099874813e+04 7.0040344784750210e+04
    -2.4775118896799173e-01 1.5650491575800435e-01
    2.9795050561844452e+00 1.7931432579405628e+04 7.7588493728966459e+03
    8.7787779179736041e+04 -5.9020347970553455e-01
    1.4291277583600348e-01 2.9672463607175725e+00 1.4697691778636368e+04
    8.3029676894599725e+03 8.7657352780733767e+04
    -4.0817394932126450e-01 -9.1205040741006826e-01
    2.9223538666385789e+00 1.6258272869996410e+04 5.4906564360933971e+03
    8.3203034292736353e+04 -3.2292086140478554e-01
    9.2938825110721413e-01 2.8227803270112588e+00 1.8825700462908320e+04
    8.1271990154488103e+03 8.0735922951391374e+04
    -2.8916676617260362e-01 4.8348520703075648e-01
    3.0030216922357660e+00 2.0717094180742304e+04 7.1709800726463836e+03
    8.0219474824541147e+04 -8.1708775229962949e-01
    1.3178202250837703e-01 2.8870081287062179e+00 1.9751359991181973e+04
    7.3213391712533185e+03 8.7324753746683273e+04
    -9.8280810202256086e-01 -9.2837447864904249e-02
    -2.9413641556316490e+00 1.7211239673434455e+04
    1.2063754834873187e+04 6.5923910195051620e+04
    -9.6822442575526924e-01 -1.5685708265198106e-01
