<?xml version="1.0"?>
<opencv_storage>
<calibration_time>"Sun Oct 13 20:05:30 2019"</calibration_time>
<nr_of_frames>50</nr_of_frames>
<image_width>640</image_width>
<image_height>480</image_height>
<board_width>9</board_width>
<board_height>6</board_height>
<square_size>50.</square_size>
<fix_aspect_ratio>1.</fix_aspect_ratio>
<!-- flags: +fix_aspectRatio +fix_principal_point +zero_tangent_dist +fix_k4 +fix_k5 -->
<flags>6158</flags>
<fisheye_model>0</fisheye_model>
<camera_matrix type_id="opencv-matrix">
  <rows>3</rows>
  <cols>3</cols>
  <dt>d</dt>
  <data>
    6.4071022949679354e+02 0. 320. 0. 6.4071022949679354e+02 240. 0. 0.
    1.</data></camera_matrix>
<distortion_coefficients type_id="opencv-matrix">
  <rows>5</rows>
  <cols>1</cols>
  <dt>d</dt>
  <data>
    3.0786721530904376e-02 2.2525309758076539e-01 0. 0.
    -1.5757333666268414e+00</data></distortion_coefficients>
<avg_reprojection_error>3.0595569101023695e-01</avg_reprojection_error>
<per_view_reprojection_errors type_id="opencv-matrix">
  <rows>50</rows>
  <cols>1</cols>
  <dt>f</dt>
  <data>
    1.51512161e-01 2.60844141e-01 2.57723540e-01 2.73945481e-01
    3.55879456e-01 2.16976628e-01 2.34015450e-01 2.67657697e-01
    2.54228055e-01 3.34380150e-01 4.41860229e-01 4.30873662e-01
    3.87204260e-01 4.91865128e-01 3.94574374e-01 1.92778736e-01
    2.63936549e-01 3.25412124e-01 4.17879909e-01 3.98010969e-01
    2.92484194e-01 4.31026220e-01 4.39751863e-01 3.39767694e-01
    4.30888146e-01 3.70810807e-01 2.16779783e-01 2.15927571e-01
    1.85474902e-01 2.41985455e-01 2.82040864e-01 1.68035015e-01
    2.49362290e-01 2.44899318e-01 3.09891999e-01 3.47336620e-01
    2.81671554e-01 3.56842607e-01 3.48509967e-01 2.01051295e-01
    2.20162660e-01 1.83581278e-01 1.99941978e-01 2.77217329e-01
    1.70989215e-01 2.59348661e-01 2.71930009e-01 2.57803887e-01
    3.09546620e-01 2.45796487e-01</data></per_view_reprojection_errors>
<!-- a set of 6-tuples (rotation vector + translation vector) for each view -->
<extrinsic_parameters type_id="opencv-matrix">
  <rows>50</rows>
  <cols>6</cols>
  <dt>d</dt>
  <data>
    -7.0385634010385750e-02 5.3177222232080610e-03
    3.1251707522627306e+00 1.7997874799836086e+02 1.1863174550904698e+02
    9.5509596662352305e+02 -4.8685839101162726e-01
    -1.1731203508926509e-01 3.0777082323226406e+00
    1.2689312600575798e+02 1.1300919405739806e+02 9.5662258471948212e+02
    -2.0123548065646674e-01 -9.3403595101276748e-01
    2.9548069387714571e+00 8.0113061314089919e+01 6.9392815172096618e+01
    9.8608599924652594e+02 1.2033965664132447e-01
    -6.7375677860645322e-01 -3.0613412520996053e+00
    1.2109164649386804e+02 4.7654956530360529e+01 8.9919463778710121e+02
    1.6350950058680275e-01 6.5125986061833030e-01
    -3.0554888681562695e+00 2.6485461511534288e+02
    9.4420033191557877e+01 9.8882869642094920e+02 6.2402855081330054e-02
    2.7429166784771902e-01 -3.1230135088059465e+00
    2.3259231977162608e+02 6.6674484031687598e+01 1.1349750804414530e+03
    -6.6046055063741427e-01 -4.3228500785298196e-01
    2.9336491896701085e+00 1.9842062326476639e+02 9.9479809408002382e+01
    1.1516278672403278e+03 -4.2172740850672930e-01
    1.3991619365988897e-01 -3.0246264874783004e+00
    1.2521633108164366e+02 1.2184697953393417e+02 9.5168381334419234e+02
    -5.3752779240946913e-01 -2.1069605252821463e-01
    3.0583391027121096e+00 1.8137255186084892e+02 1.4496295763887420e+02
    1.0134239644805922e+03 -4.7952043495158853e-01
    -1.5251888807142911e-02 3.0009404280007499e+00
    2.2900382410407110e+02 8.8263308880854524e+01 8.2266565049711699e+02
    2.6724517981620149e-01 6.0044317166304051e-01
    -3.0301709492914499e+00 2.1090600300730671e+02
    9.9260169488030343e+01 8.1266399788089927e+02
    -3.1437638990989936e-01 9.2922634897585135e-02
    -3.0197013079611477e+00 2.1057069887515914e+02
    1.4069521262349556e+02 7.1314793530750171e+02
    -3.2701837848297066e-01 -8.7914553012060825e-01
    2.9475654963222211e+00 3.0292154652513597e+02 7.6697243602320313e+01
    9.8734333340575836e+02 -4.2026125958948857e-01
    2.9769580739977125e-01 -2.9463822559393500e+00
    2.4347532209334940e+02 1.5330513355195509e+02 8.2970996587572733e+02
    -2.7848059123279029e-01 -8.7183849225459764e-01
    2.9162910905907875e+00 2.7699372434078686e+02 1.0751599654134482e+02
    9.3144793486965773e+02 9.3171417550739502e-02
    -1.0092105324855122e-01 -3.1073576740752036e+00
    2.9001639496864692e+02 1.1344753961874748e+02 9.3765503957425608e+02
    -4.8367303503819231e-01 -1.7330097204867834e-01
    3.0434781925010967e+00 1.0065929123380148e+02 5.9353290311762947e+01
    9.4592584924609935e+02 -1.8478937380068911e-01
    -4.7980298917560665e-01 -3.0917948911557191e+00
    9.8040105468300567e+01 8.8995969334696852e+01 7.0403562670511212e+02
    -5.1113271023018547e-01 -1.7189622894965609e-01
    -2.9757288394900860e+00 2.1597369339193352e+02
    1.2845590125932915e+02 8.4225951184399639e+02 3.4929926533125255e-03
    -8.8488775462295555e-01 2.9180234054583312e+00
    2.2181076070584803e+02 1.6388959123122891e+02 8.7712802624748690e+02
    -5.2740820420728718e-01 -1.5513069909464830e-01
    3.0361096288980312e+00 1.4163048060226706e+02 1.7188592135883965e+02
    9.5908573284095257e+02 -3.8587991071941175e-01
    -7.3936543825518219e-01 -2.7960649129948583e+00
    1.2514816465245174e+02 1.2874455602716503e+02 7.3198061594817443e+02
    -7.4760894088832597e-01 4.1228995354646365e-02
    -2.9360187773644904e+00 6.8212443382969738e+01
    1.3014187937456407e+02 6.1501448345003098e+02
    -3.9452201143321819e-01 1.1935033073009066e-01
    3.0203951708556422e+00 2.1323879630398235e+02 1.4489830223443732e+02
    8.4642003676651223e+02 -1.2872846598018642e-01
    -5.0319835362161824e-01 -3.0212152497257723e+00
    1.8305127988935843e+02 1.1967122172623918e+02 7.3787620802703657e+02
    -1.0767439334729519e-01 -4.8334708647815394e-01
    3.0605675557018066e+00 1.8568450541990481e+02 1.1695624838498209e+02
    8.1120148194376941e+02 -4.0773709157815075e-01
    -1.9451543075695699e-01 3.0783515958737908e+00
    -2.7094242818913212e+00 8.6656218944098129e+01
    1.1527574272384700e+03 -8.1232856786977492e-01
    -2.5144079181558143e-01 2.8497283264224125e+00
    1.0853178791399822e+02 6.0424530621253027e+01 1.0805412571859188e+03
    -8.3273989499162704e-02 2.1762530823481280e-01
    -3.0575236696406782e+00 6.8870753150857354e+01
    1.5131026963267590e+02 8.8504261446347687e+02
    -7.2629483567182385e-01 -3.9304453900919306e-01
    2.9298628031859422e+00 1.2230819854783346e+02 1.0909113114457548e+02
    1.0269834804131888e+03 1.9766406918115778e-01
    -4.1288092206134441e-01 -3.0366603485353219e+00
    8.6258723229389815e+01 1.7638837320704610e+02 8.9934883534325331e+02
    1.1824990384634379e-01 8.8241387237061805e-02
    -3.0609517480282880e+00 5.1599321737142070e+01
    1.6712755575052228e+02 9.5237006900229414e+02 6.5024417544574331e-02
    2.6534142888137852e-01 -3.1011956388051676e+00
    2.4148424496329599e+02 9.8229610937808616e+01 9.7683180893476367e+02
    -9.6879969690573065e-01 -3.0295162335567560e-01
    2.8484504206987138e+00 1.8188361873032491e+02 7.2955537343853209e+01
    1.0937630124375955e+03 -7.2922270134982270e-01
    5.8580563618976088e-02 -2.9585551169550377e+00
    9.3176917129040859e+01 1.2820941821829007e+02 8.3356268823628136e+02
    -6.3187890043688343e-03 6.9332522277779962e-01
    3.0374512346640361e+00 1.3648739580632551e+02 6.8445793888774176e+01
    8.4013983664975933e+02 -8.8260157025522826e-02
    -7.7226372966418377e-01 3.0127407610255927e+00
    1.1510193682949291e+02 1.2047726881107715e+02 9.2028753428333971e+02
    1.7758517366527080e-01 1.2125668209094715e+00
    -2.8803452576304691e+00 1.3784288910456888e+02
    1.2269084656157382e+02 9.7518550612775221e+02 3.9265332554896407e-02
    -8.2994915201761532e-01 -2.9365842913422822e+00
    1.1984537271544376e+02 1.2676510706481248e+02 8.2581103218801081e+02
